{
	"asset": {
		"generator": "SOLIDWORKSGLTF",
		"version" : "2.0"
	},
"extensionsUsed": [ "KHR_lights_punctual", "Solidworks_custom_properties"],
	"scene" : 0,
	"scenes": [
		{
			"name": "default - Display State-1",
			"nodes": [
				0, 1]
		}
	],
	"nodes": [
		{
			"matrix": [
				0.839534,					-0.54319,					0.0112485,					0,
				0.183507,					0.302987,					0.93516,					0,
				-0.511378,					-0.783035,					0.354047,					0,
				-4.27644,					-6.37553,					2.99901,					1
			]
			,"camera": 0
			,"name": "current"		}
,
		{
			"children": [
				2, 3, 4, 5, 6, 7, 8, 9, 10, 11, 12, 13, 14, 15, 16, 17, 18, 19, 20, 21, 22, 23, 24, 25, 26, 27, 28, 34, 51, 93, 99, 100, 106, 112, 118, 119, 120, 137, 154, 155, 197, 203, 209, 215, 232, 238, 244, 261, 278, 284, 290, 296, 302, 303, 304, 305, 306, 307, 308, 309, 314, 315, 320, 325, 330, 335, 340, 345, 346, 347, 352, 353, 354, 359, 360, 361, 366, 367, 368, 369, 374, 375, 376, 377, 378, 379, 380, 381, 382, 387, 388, 389, 390, 391, 392, 393, 394, 395, 396, 397, 398, 399, 400, 401, 402, 403, 404, 405, 438
			]
			,"name": "V6_ENGINE"		}
,
		{
			"matrix": [
				6.47112e-31,					1,					6.66134e-16,					0,
				-0.969413,					-1.63492e-16,					0.245434,					0,
				0.245434,					-6.45759e-16,					0.969413,					0,
				-4.58571e-18,					0.26765,					7.59426e-17,					1
			]
			,"mesh": 0
			,"name": "CRANK_BUSHES-2"		}
,
		{
			"matrix": [
				2.72005e-15,					-7.09522e-15,					1,					0,
				-6.26986e-18,					1,					7.09522e-15,					0,
				-1,					-6.26986e-18,					2.72005e-15,					0,
				-4.40496e-16,					0.0627,					1.33142e-15,					1
			]
			,"mesh": 1
			,"name": "ENGINE_BUSHING-3"		}
,
		{
			"matrix": [
				-1,					6.28624e-31,					5.55112e-16,					0,
				-5.55112e-16,					-3.33067e-16,					-1,					0,
				-4.43734e-31,					-1,					3.33067e-16,					0,
				-2.77556e-17,					-0.0603,					-2.06701e-16,					1
			]
			,"mesh": 2
			,"name": "ENGINE_BUSHING_CLAMP-1"		}
,
		{
			"matrix": [
				1,					-5.79894e-31,					-2.22045e-16,					0,
				6.16298e-33,					-2.13357e-32,					1,					0,
				-6.42097e-31,					-1,					-3.33067e-16,					0,
				0,					0,					0,					1
			]
			,"mesh": 3
			,"name": "ENGINE_BLOCK-2"		}
,
		{
			"matrix": [
				1,					3.47104e-15,					1.12965e-14,					0,
				-1.12965e-14,					-3.94701e-15,					1,					0,
				3.47104e-15,					-1,					-3.94701e-15,					0,
				8.91211e-16,					-0.13326,					-0.0635,					1
			]
			,"mesh": 4
			,"name": "CRANK_SHAFT-1"		}
,
		{
			"matrix": [
				1.06067e-15,					2.13357e-32,					-1,					0,
				6.42097e-31,					1,					3.33067e-16,					0,
				1,					-5.79894e-31,					8.38628e-16,					0,
				4.02595e-32,					0.0627,					2.08833e-17,					1
			]
			,"mesh": 5
			,"name": "ENGINE_BUSHING-1"		}
,
		{
			"matrix": [
				1.06067e-15,					2.13357e-32,					-1,					0,
				6.42097e-31,					1,					3.33067e-16,					0,
				1,					-5.79894e-31,					8.38628e-16,					0,
				-5.34867e-32,					-0.0833,					-2.77445e-17,					1
			]
			,"mesh": 6
			,"name": "ENGINE_BUSHING-2"		}
,
		{
			"matrix": [
				2.72005e-15,					-7.09522e-15,					1,					0,
				-6.26986e-18,					1,					7.09522e-15,					0,
				-1,					-6.26986e-18,					2.72005e-15,					0,
				-2.36183e-16,					-0.0833,					5.46449e-16,					1
			]
			,"mesh": 7
			,"name": "ENGINE_BUSHING-4"		}
,
		{
			"matrix": [
				-1,					5.36179e-31,					2.77556e-16,					0,
				-5.55112e-17,					-3.33067e-16,					-1,					0,
				-5.79894e-31,					-1,					0,					0,
				2.77556e-17,					0.0857,					-2.75069e-16,					1
			]
			,"mesh": 8
			,"name": "ENGINE_BUSHING_CLAMP-2"		}
,
		{
			"matrix": [
				-8.62817e-31,					-1,					-6.66134e-16,					0,
				0.707958,					4.7046e-16,					-0.706255,					0,
				0.706255,					-4.71594e-16,					0.707958,					0,
				-6.52409e-18,					-0.24225,					-7.17834e-17,					1
			]
			,"mesh": 9
			,"name": "CRANK_BUSHES-1"		}
,
		{
			"matrix": [
				-3.88578e-16,					3.33067e-16,					1,					0,
				-1,					3.88267e-31,					-1.66533e-16,					0,
				-5.79894e-31,					-1,					0,					0,
				-0.0611,					0.0857,					-0.0665,					1
			]
			,"mesh": 10
			,"name": "HEX_FLANGE_M12_100-4"		}
,
		{
			"matrix": [
				-5.75407e-16,					-1.44017e-17,					1,					0,
				1,					1.11484e-17,					7.58067e-17,					0,
				-1.11484e-17,					1,					3.47469e-16,					0,
				-0.1573,					0.1851,					-0.0179,					1
			]
			,"mesh": 11
			,"name": "HEX_FLANGE_M8_60-1"		}
,
		{
			"matrix": [
				-5.75407e-16,					-1.44017e-17,					1,					0,
				1,					1.11484e-17,					7.58067e-17,					0,
				-1.11484e-17,					1,					3.47469e-16,					0,
				-0.11477,					-0.2505,					-0.0179,					1
			]
			,"mesh": 12
			,"name": "HEX_FLANGE_M8_60-5"		}
,
		{
			"matrix": [
				-5.75407e-16,					-1.44017e-17,					1,					0,
				1,					1.11484e-17,					7.58067e-17,					0,
				-1.11484e-17,					1,					3.47469e-16,					0,
				0.11477,					0.2759,					-0.0179,					1
			]
			,"mesh": 13
			,"name": "HEX_FLANGE_M8_60-11"		}
,
		{
			"matrix": [
				-5.75407e-16,					-1.44017e-17,					1,					0,
				1,					1.11484e-17,					7.58067e-17,					0,
				-1.11484e-17,					1,					3.47469e-16,					0,
				-0.1573,					0.0701667,					-0.0179,					1
			]
			,"mesh": 14
			,"name": "HEX_FLANGE_M8_60-2"		}
,
		{
			"matrix": [
				-6.16298e-31,					-1,					-3.33067e-16,					0,
				-5.75407e-16,					-3.33067e-16,					1,					0,
				-1,					8.07947e-31,					-5.75407e-16,					0,
				1.00598e-17,					0.0127,					-0.0254,					1
			]
			,"mesh": 15
			,"name": "OIL_PAN-1"		}
,
		{
			"matrix": [
				-3.88578e-16,					3.33067e-16,					1,					0,
				-1,					3.88267e-31,					-1.66533e-16,					0,
				-5.79894e-31,					-1,					0,					0,
				0.0611,					0.0857,					-0.0665,					1
			]
			,"mesh": 16
			,"name": "HEX_FLANGE_M12_100-3"		}
,
		{
			"matrix": [
				-1.11022e-16,					3.33067e-16,					1,					0,
				-1,					4.80712e-31,					1.11022e-16,					0,
				-5.79894e-31,					-1,					0,					0,
				0.0611,					-0.0603,					-0.0665,					1
			]
			,"mesh": 17
			,"name": "HEX_FLANGE_M12_100-2"		}
,
		{
			"matrix": [
				-5.75407e-16,					-1.44017e-17,					1,					0,
				1,					1.11484e-17,					7.58067e-17,					0,
				-1.11484e-17,					1,					3.47469e-16,					0,
				-0.1573,					-0.0447667,					-0.0179,					1
			]
			,"mesh": 18
			,"name": "HEX_FLANGE_M8_60-3"		}
,
		{
			"matrix": [
				-5.75407e-16,					-1.44017e-17,					1,					0,
				1,					1.11484e-17,					7.58067e-17,					0,
				-1.11484e-17,					1,					3.47469e-16,					0,
				0.1573,					-0.1597,					-0.0179,					1
			]
			,"mesh": 19
			,"name": "HEX_FLANGE_M8_60-7"		}
,
		{
			"matrix": [
				-5.75407e-16,					-1.44017e-17,					1,					0,
				1,					1.11484e-17,					7.58067e-17,					0,
				-1.11484e-17,					1,					3.47469e-16,					0,
				0.1573,					-0.0447667,					-0.0179,					1
			]
			,"mesh": 20
			,"name": "HEX_FLANGE_M8_60-8"		}
,
		{
			"matrix": [
				-1.11022e-16,					3.33067e-16,					1,					0,
				-1,					4.80712e-31,					1.11022e-16,					0,
				-5.79894e-31,					-1,					0,					0,
				-0.0611,					-0.0603,					-0.0665,					1
			]
			,"mesh": 21
			,"name": "HEX_FLANGE_M12_100-1"		}
,
		{
			"matrix": [
				-5.75407e-16,					-1.44017e-17,					1,					0,
				1,					1.11484e-17,					7.58067e-17,					0,
				-1.11484e-17,					1,					3.47469e-16,					0,
				0.1573,					0.1851,					-0.0179,					1
			]
			,"mesh": 22
			,"name": "HEX_FLANGE_M8_60-10"		}
,
		{
			"matrix": [
				-5.75407e-16,					-1.44017e-17,					1,					0,
				1,					1.11484e-17,					7.58067e-17,					0,
				-1.11484e-17,					1,					3.47469e-16,					0,
				-0.1573,					-0.1597,					-0.0179,					1
			]
			,"mesh": 23
			,"name": "HEX_FLANGE_M8_60-4"		}
,
		{
			"matrix": [
				-5.75407e-16,					-1.44017e-17,					1,					0,
				1,					1.11484e-17,					7.58067e-17,					0,
				-1.11484e-17,					1,					3.47469e-16,					0,
				0.11477,					-0.2505,					-0.0179,					1
			]
			,"mesh": 24
			,"name": "HEX_FLANGE_M8_60-6"		}
,
		{
			"matrix": [
				-5.75407e-16,					-1.44017e-17,					1,					0,
				1,					1.11484e-17,					7.58067e-17,					0,
				-1.11484e-17,					1,					3.47469e-16,					0,
				0.1573,					0.0701667,					-0.0179,					1
			]
			,"mesh": 25
			,"name": "HEX_FLANGE_M8_60-9"		}
,
		{
			"children": [
				29, 30, 31, 32, 33
			]
			,"matrix": [
				2.94209e-14,					1,					-2.9976e-14,					0,
				0.707107,					3.92523e-16,					0.707107,					0,
				0.707107,					-4.2e-14,					-0.707107,					0,
				0.238313,					-0.17453,					0.238313,					1
			]
			,"name": "VALVE_SPRING_ASSEMBLY-6"		}
,
		{
			"matrix": [
				1,					0,					0,					0,
				0,					1,					0,					0,
				0,					0,					1,					0,
				-5.55112e-17,					0.0197213,					-1.11022e-16,					1
			]
			,"mesh": 26
			,"name": "VALVE_SPRING_RETAINER_LOCK-1"		}
,
		{
			"mesh": 27
			,"name": "ROCKER_SPRING-1"		}
,
		{
			"matrix": [
				1,					0,					0,					0,
				0,					1,					0,					0,
				0,					0,					1,					0,
				-8.32667e-17,					0.0184996,					0,					1
			]
			,"mesh": 28
			,"name": "VALVE_SPRING_RETAINER_PLATE-1"		}
,
		{
			"matrix": [
				-1,					-3.15544e-30,					-1.39888e-14,					0,
				3.15544e-30,					1,					0,					0,
				1.39888e-14,					0,					-1,					0,
				-5.55112e-17,					0.0197213,					-2.77556e-17,					1
			]
			,"mesh": 29
			,"name": "VALVE_SPRING_RETAINER_LOCK-2"		}
,
		{
			"matrix": [
				0.965737,					4.44089e-16,					0.259523,					0,
				-3.73853e-16,					1,					-3.19992e-16,					0,
				-0.259523,					2.12005e-16,					0.965737,					0,
				-2.77556e-17,					-0.0568287,					0,					1
			]
			,"mesh": 30
			,"name": "VALVE-1"		}
,
		{
			"children": [
				35, 36, 37, 38, 39, 40, 41, 42, 43, 44, 45, 46, 47, 48, 49, 50
			]
			,"matrix": [
				3.5156e-14,					-1,					3.10037e-14,					0,
				-0.707107,					-3.01218e-15,					0.707107,					0,
				-0.707107,					-4.68581e-14,					-0.707107,					0,
				-0.0916631,					0.15357,					0.0979306,					1
			]
			,"name": "PISTON_ASSEMBLY-29"		}
,
		{
			"matrix": [
				1.52202e-16,					0,					-1,					0,
				1.01335e-16,					1,					0,					0,
				1,					5.07679e-17,					3.04304e-16,					0,
				-0.0503797,					-0.0109859,					0.00443184,					1
			]
			,"mesh": 31
			,"name": "PISTON_PIN-1"		}
,
		{
			"matrix": [
				-1.75679e-14,					0,					-1,					0,
				1.75679e-14,					1,					0,					0,
				1,					-1.71116e-14,					-1.71116e-14,					0,
				-0.0504597,					-0.0109859,					0.00443184,					1
			]
			,"mesh": 32
			,"name": "CIRCLIP_CYLINDER_PIN-2"		}
,
		{
			"matrix": [
				4.4125e-14,					0.402469,					-0.915434,					0,
				1.64836e-14,					-0.915434,					-0.402469,					0,
				-1,					2.59331e-15,					-4.71037e-14,					0,
				-0.0178747,					-0.150498,					-0.0569045,					1
			]
			,"mesh": 33
			,"name": "CAP_ROD_PISTON-1"		}
,
		{
			"matrix": [
				1,					0,					0,					0,
				0,					1,					0,					0,
				0,					0,					1,					0,
				-0.0178797,					0.0271141,					0.00443184,					1
			]
			,"mesh": 34
			,"name": "PISTON HEAD-1"		}
,
		{
			"matrix": [
				1.62958e-14,					-0.915434,					-0.402469,					0,
				4.40091e-14,					0.402469,					-0.915434,					0,
				1,					-2.71851e-15,					4.69221e-14,					0,
				-0.0178747,					-0.0109859,					0.00443184,					1
			]
			,"mesh": 35
			,"name": "CONNECTING_ROD-1"		}
,
		{
			"matrix": [
				-9.90284e-20,					0,					1,					0,
				2.53438e-16,					1,					0,					0,
				-1,					-2.02871e-16,					-4.56407e-16,					0,
				0.0147003,					-0.0109859,					0.00443184,					1
			]
			,"mesh": 36
			,"name": "CIRCLIP_CYLINDER_PIN-1"		}
,
		{
			"matrix": [
				1,					-1.87999e-15,					5.28042e-14,					0,
				5.27281e-14,					-9.4369e-16,					-1,					0,
				1.95604e-15,					1,					-9.4369e-16,					0,
				-0.0178747,					-0.0109859,					0.00443184,					1
			]
			,"mesh": 37
			,"name": "CONNECTING_ROD_BUSHING-1"		}
,
		{
			"matrix": [
				1,					0,					0,					0,
				0,					1,					0,					0,
				0,					0,					1,					0,
				-0.0178797,					0.0346841,					0.00443184,					1
			]
			,"mesh": 38
			,"name": "PISTON_COMPRESSION_RING-1"		}
,
		{
			"matrix": [
				-1.64836e-14,					0.915434,					0.402469,					0,
				4.4125e-14,					0.402469,					-0.915434,					0,
				-1,					2.59331e-15,					-4.71037e-14,					0,
				-0.00572471,					-0.150498,					-0.0569045,					1
			]
			,"mesh": 39
			,"name": "CRANKSHAFT_BUSHING-2"		}
,
		{
			"matrix": [
				0.837988,					0,					0.545688,					0,
				7.60514e-17,					1,					0,					0,
				-0.545688,					0,					0.837988,					0,
				-0.0178797,					0.0194441,					0.00443184,					1
			]
			,"mesh": 40
			,"name": "PISTON_OIL_RING_RAIL-2"		}
,
		{
			"matrix": [
				-0.0138897,					-5.55112e-17,					0.999904,					0,
				7.52656e-17,					1,					5.6562e-17,					0,
				-0.999904,					7.6044e-17,					-0.0138897,					0,
				-0.0178797,					0.0224441,					0.00443184,					1
			]
			,"mesh": 41
			,"name": "PISTON_OIL_RING_RAIL-1"		}
,
		{
			"matrix": [
				1.62958e-14,					-0.915434,					-0.402469,					0,
				-4.40091e-14,					-0.402469,					0.915434,					0,
				-1,					2.71851e-15,					-4.69221e-14,					0,
				-0.00572471,					-0.150498,					-0.0569045,					1
			]
			,"mesh": 42
			,"name": "CRANKSHAFT_BUSHING-1"		}
,
		{
			"matrix": [
				-0.0138897,					-5.55112e-17,					0.999904,					0,
				7.52656e-17,					1,					5.6562e-17,					0,
				-0.999904,					7.6044e-17,					-0.0138897,					0,
				-0.0178797,					0.0199441,					0.00443184,					1
			]
			,"mesh": 43
			,"name": "PISTON_OIL_RING_SPACER-1"		}
,
		{
			"matrix": [
				-1.62947e-14,					0.915434,					0.402469,					0,
				-0.999999,					-0.000416039,					0.0009463,					0,
				0.00103372,					-0.402469,					0.915433,					0,
				-0.0178747,					-0.182405,					-0.0223762,					1
			]
			,"mesh": 44
			,"name": "SOCKET_HEAD_M8_45-2"		}
,
		{
			"matrix": [
				-1.62947e-14,					0.915434,					0.402469,					0,
				-0.999999,					-0.000416039,					0.0009463,					0,
				0.00103372,					-0.402469,					0.915433,					0,
				-0.0178747,					-0.146626,					-0.103758,					1
			]
			,"mesh": 45
			,"name": "SOCKET_HEAD_M8_45-1"		}
,
		{
			"matrix": [
				-0.615661,					-5.55112e-17,					-0.788011,					0,
				7.60514e-17,					1,					0,					0,
				0.788011,					5.55112e-17,					-0.615661,					0,
				-0.0178797,					0.0270641,					0.00443184,					1
			]
			,"mesh": 46
			,"name": "PISTON_COMPRESSION_RING-2"		}
,
		{
			"children": [
				52, 53, 54, 55, 56, 57, 58, 59, 60, 61, 62, 63, 64, 65, 66, 67, 68, 69, 70, 71, 72, 73, 74, 75, 76, 77, 78, 79, 80, 81, 82, 83, 84, 85, 86, 87, 88, 89, 90, 91, 92
			]
			,"matrix": [
				1,					-1.08728e-16,					-8.03324e-16,					0,
				1.3719e-16,					2.24339e-16,					1,					0,
				-1.08728e-16,					-1,					-1.08728e-16,					0,
				0,					0,					0,					1
			]
			,"name": "Assem48^V6_ENGINE-1"		}
,
		{
			"matrix": [
				0.707107,					-0.707107,					-4.59027e-15,					0,
				0.707107,					0.707107,					-2.28624e-15,					0,
				4.86243e-15,					-1.62919e-15,					1,					0,
				-0.227334,					0.318127,					0.12065,					1
			]
			,"mesh": 47
			,"name": "HEX_FLANGE_M6_30-23"		}
,
		{
			"matrix": [
				0.707107,					-0.707107,					-4.59027e-15,					0,
				0.707107,					0.707107,					-2.28624e-15,					0,
				4.86243e-15,					-1.62919e-15,					1,					0,
				-0.254275,					0.291186,					0.12065,					1
			]
			,"mesh": 48
			,"name": "HEX_FLANGE_M6_30-37"		}
,
		{
			"matrix": [
				-3.45193e-15,					3.83933e-15,					-1,					0,
				0.707107,					-0.707107,					-5.1557e-15,					0,
				-0.707107,					-0.707107,					-2.7393e-16,					0,
				-0.226097,					0.289948,					0.12065,					1
			]
			,"mesh": 49
			,"name": "CAMSHAFT_BUSHING-1"		}
,
		{
			"matrix": [
				0.707107,					0.707107,					2.01269e-15,					0,
				-0.707107,					0.707107,					4.59027e-15,					0,
				1.82262e-15,					-4.66899e-15,					1,					0,
				-0.226097,					0.289948,					0.12065,					1
			]
			,"mesh": 50
			,"name": "CAMSHAFT_RETAINER-1"		}
,
		{
			"matrix": [
				-2.01327e-15,					5.3472e-15,					-1,					0,
				-0.707107,					0.707107,					5.20464e-15,					0,
				0.707107,					0.707107,					2.35744e-15,					0,
				-0.226097,					0.289948,					0.12065,					1
			]
			,"mesh": 51
			,"name": "CAMSHAFT_BUSHING-2"		}
,
		{
			"matrix": [
				6.92682e-15,					-5.64e-16,					1,					0,
				-0.707107,					0.707107,					5.29681e-15,					0,
				-0.707107,					-0.707107,					4.49919e-15,					0,
				-0.194885,					0.19883,					-0.10724,					1
			]
			,"mesh": 52
			,"name": "CYLINDER_HEAD_GASKET-1"		}
,
		{
			"matrix": [
				0.707107,					-0.707107,					-4.59027e-15,					0,
				0.707107,					0.707107,					-2.25849e-15,					0,
				4.8428e-15,					-1.64882e-15,					1,					0,
				-0.28983,					0.20882,					0.193672,					1
			]
			,"mesh": 53
			,"name": "HEX_FLANGE_M10_100-49"		}
,
		{
			"matrix": [
				0.27034,					0.27034,					0.924031,					0,
				-0.707107,					0.707107,					1.18615e-16,					0,
				-0.653389,					-0.653389,					0.382318,					0,
				-0.191201,					0.191201,					-0.2717,					1
			]
			,"mesh": 54
			,"name": "CAM_SHAFT_ALIGNMENT_PIN-1"		}
,
		{
			"matrix": [
				-3.39379e-15,					3.76396e-15,					-1,					0,
				0.707107,					-0.707107,					-5.0613e-15,					0,
				-0.707107,					-0.707107,					-2.61751e-16,					0,
				-0.242466,					0.242466,					-0.0254,					1
			]
			,"mesh": 55
			,"name": "CYLINDER_HEAD-1"		}
,
		{
			"matrix": [
				0.707107,					-0.707107,					-4.59027e-15,					0,
				0.707107,					0.707107,					-2.25849e-15,					0,
				4.8428e-15,					-1.64882e-15,					1,					0,
				-0.28983,					0.20882,					-0.244472,					1
			]
			,"mesh": 56
			,"name": "HEX_FLANGE_M10_100-46"		}
,
		{
			"matrix": [
				1,					0,					0,					0,
				0,					1,					0,					0,
				0,					0,					1,					0,
				-0.226097,					0.289948,					-0.2787,					1
			]
			,"mesh": 57
			,"name": "CAM_SHAFT_SEAL-1"		}
,
		{
			"matrix": [
				0.707107,					-0.707107,					-4.59027e-15,					0,
				0.707107,					0.707107,					-2.25849e-15,					0,
				4.8428e-15,					-1.64882e-15,					1,					0,
				-0.2108,					0.28785,					-0.0984279,					1
			]
			,"mesh": 58
			,"name": "HEX_FLANGE_M10_100-44"		}
,
		{
			"matrix": [
				0.707107,					-0.707107,					-4.59027e-15,					0,
				0.707107,					0.707107,					-2.25849e-15,					0,
				4.8428e-15,					-1.64882e-15,					1,					0,
				-0.2108,					0.28785,					-0.244472,					1
			]
			,"mesh": 59
			,"name": "HEX_FLANGE_M10_100-45"		}
,
		{
			"matrix": [
				0.707107,					-0.707107,					-4.59027e-15,					0,
				0.707107,					0.707107,					-2.25849e-15,					0,
				4.8428e-15,					-1.64882e-15,					1,					0,
				-0.2108,					0.28785,					0.193672,					1
			]
			,"mesh": 60
			,"name": "HEX_FLANGE_M10_100-42"		}
,
		{
			"matrix": [
				0.27034,					0.27034,					0.924031,					0,
				-0.707107,					0.707107,					-1.83149e-18,					0,
				-0.653389,					-0.653389,					0.382318,					0,
				-0.191201,					0.191201,					0.2463,					1
			]
			,"mesh": 61
			,"name": "CAM_SHAFT_ALIGNMENT_PIN-2"		}
,
		{
			"matrix": [
				0.707107,					-0.707107,					-4.59027e-15,					0,
				0.707107,					0.707107,					-2.25849e-15,					0,
				4.8428e-15,					-1.64882e-15,					1,					0,
				-0.28983,					0.20882,					0.0476279,					1
			]
			,"mesh": 62
			,"name": "HEX_FLANGE_M10_100-48"		}
,
		{
			"matrix": [
				0.707107,					-0.707107,					-4.59027e-15,					0,
				0.707107,					0.707107,					-2.25849e-15,					0,
				4.8428e-15,					-1.64882e-15,					1,					0,
				-0.28983,					0.20882,					-0.0984279,					1
			]
			,"mesh": 63
			,"name": "HEX_FLANGE_M10_100-47"		}
,
		{
			"matrix": [
				0.707107,					-0.707107,					-4.59027e-15,					0,
				0.707107,					0.707107,					-2.25849e-15,					0,
				4.8428e-15,					-1.64882e-15,					1,					0,
				-0.2108,					0.28785,					0.0476279,					1
			]
			,"mesh": 64
			,"name": "HEX_FLANGE_M10_100-43"		}
,
		{
			"matrix": [
				0.341711,					0.938842,					-0.0425282,					0,
				-0.0145455,					-0.0399634,					-0.999095,					0,
				-0.939693,					0.34202,					5.02029e-15,					0,
				-0.258392,					0.183718,					-0.16945,					1
			]
			,"mesh": 65
			,"name": "SPARK_PLUG-1"		}
,
		{
			"matrix": [
				-3.45193e-15,					3.83933e-15,					-1,					0,
				0.707107,					-0.707107,					-5.1557e-15,					0,
				-0.707107,					-0.707107,					-2.7393e-16,					0,
				-0.226097,					0.289948,					-0.0244,					1
			]
			,"mesh": 66
			,"name": "CAMSHAFT_BUSHING-3"		}
,
		{
			"matrix": [
				-2.01327e-15,					5.3472e-15,					-1,					0,
				-0.707107,					0.707107,					5.20464e-15,					0,
				0.707107,					0.707107,					2.35744e-15,					0,
				-0.226097,					0.289948,					-0.0244,					1
			]
			,"mesh": 67
			,"name": "CAMSHAFT_BUSHING-5"		}
,
		{
			"matrix": [
				-2.01327e-15,					5.3472e-15,					-1,					0,
				-0.707107,					0.707107,					5.20464e-15,					0,
				0.707107,					0.707107,					2.35744e-15,					0,
				-0.226097,					0.289948,					0.2398,					1
			]
			,"mesh": 68
			,"name": "CAMSHAFT_BUSHING-7"		}
,
		{
			"matrix": [
				0.707107,					-0.707107,					-4.59027e-15,					0,
				0.707107,					0.707107,					-2.28624e-15,					0,
				4.86243e-15,					-1.62919e-15,					1,					0,
				-0.227334,					0.318127,					-0.0244,					1
			]
			,"mesh": 69
			,"name": "HEX_FLANGE_M6_30-33"		}
,
		{
			"matrix": [
				0.707107,					-0.707107,					-4.59027e-15,					0,
				0.707107,					0.707107,					-2.28624e-15,					0,
				4.86243e-15,					-1.62919e-15,					1,					0,
				-0.227334,					0.318127,					-0.16945,					1
			]
			,"mesh": 70
			,"name": "HEX_FLANGE_M6_30-34"		}
,
		{
			"matrix": [
				0.707107,					-0.707107,					-4.59027e-15,					0,
				0.707107,					0.707107,					-2.28624e-15,					0,
				4.86243e-15,					-1.62919e-15,					1,					0,
				-0.254275,					0.291186,					-0.0244,					1
			]
			,"mesh": 71
			,"name": "HEX_FLANGE_M6_30-38"		}
,
		{
			"matrix": [
				0.707107,					-0.707107,					-4.59027e-15,					0,
				0.707107,					0.707107,					-2.28624e-15,					0,
				4.86243e-15,					-1.62919e-15,					1,					0,
				-0.254275,					0.291186,					-0.16945,					1
			]
			,"mesh": 72
			,"name": "HEX_FLANGE_M6_30-39"		}
,
		{
			"matrix": [
				0.707107,					0.707107,					2.01269e-15,					0,
				-0.707107,					0.707107,					4.59027e-15,					0,
				1.82262e-15,					-4.66899e-15,					1,					0,
				-0.226097,					0.289948,					-0.0244,					1
			]
			,"mesh": 73
			,"name": "CAMSHAFT_RETAINER-2"		}
,
		{
			"matrix": [
				-3.45193e-15,					3.83933e-15,					-1,					0,
				0.707107,					-0.707107,					-5.1557e-15,					0,
				-0.707107,					-0.707107,					-2.7393e-16,					0,
				-0.226097,					0.289948,					-0.16945,					1
			]
			,"mesh": 74
			,"name": "CAMSHAFT_BUSHING-4"		}
,
		{
			"matrix": [
				0.707107,					0.707107,					2.01269e-15,					0,
				-0.707107,					0.707107,					4.59027e-15,					0,
				1.82262e-15,					-4.66899e-15,					1,					0,
				-0.226097,					0.289948,					-0.16945,					1
			]
			,"mesh": 75
			,"name": "CAMSHAFT_RETAINER-3"		}
,
		{
			"matrix": [
				-2.01327e-15,					5.3472e-15,					-1,					0,
				-0.707107,					0.707107,					5.20464e-15,					0,
				0.707107,					0.707107,					2.35744e-15,					0,
				-0.226097,					0.289948,					-0.16945,					1
			]
			,"mesh": 76
			,"name": "CAMSHAFT_BUSHING-6"		}
,
		{
			"matrix": [
				0.707107,					-0.707107,					-4.59027e-15,					0,
				0.707107,					0.707107,					-2.28624e-15,					0,
				4.86243e-15,					-1.62919e-15,					1,					0,
				-0.254275,					0.291186,					-0.2652,					1
			]
			,"mesh": 77
			,"name": "HEX_FLANGE_M6_30-41"		}
,
		{
			"matrix": [
				0.707107,					-0.707107,					-4.59027e-15,					0,
				0.707107,					0.707107,					-2.28624e-15,					0,
				4.86243e-15,					-1.62919e-15,					1,					0,
				-0.227334,					0.318127,					0.2398,					1
			]
			,"mesh": 78
			,"name": "HEX_FLANGE_M6_30-35"		}
,
		{
			"matrix": [
				0.707107,					-0.707107,					-4.59027e-15,					0,
				0.707107,					0.707107,					-2.28624e-15,					0,
				4.86243e-15,					-1.62919e-15,					1,					0,
				-0.227334,					0.318127,					-0.2652,					1
			]
			,"mesh": 79
			,"name": "HEX_FLANGE_M6_30-36"		}
,
		{
			"matrix": [
				-2.01327e-15,					5.3472e-15,					-1,					0,
				-0.707107,					0.707107,					5.20464e-15,					0,
				0.707107,					0.707107,					2.35744e-15,					0,
				-0.226097,					0.289948,					-0.2652,					1
			]
			,"mesh": 80
			,"name": "CAMSHAFT_BUSHING-9"		}
,
		{
			"matrix": [
				0.707107,					0.707107,					2.01269e-15,					0,
				-0.707107,					0.707107,					4.59027e-15,					0,
				1.82262e-15,					-4.66899e-15,					1,					0,
				-0.226097,					0.289948,					0.2398,					1
			]
			,"mesh": 81
			,"name": "CAMSHAFT_RETAINER-4"		}
,
		{
			"matrix": [
				0.707107,					-0.707107,					-4.59027e-15,					0,
				0.707107,					0.707107,					-2.28624e-15,					0,
				4.86243e-15,					-1.62919e-15,					1,					0,
				-0.254275,					0.291186,					0.2398,					1
			]
			,"mesh": 82
			,"name": "HEX_FLANGE_M6_30-40"		}
,
		{
			"matrix": [
				0.707107,					0.707107,					2.01269e-15,					0,
				-0.707107,					0.707107,					4.59027e-15,					0,
				1.82262e-15,					-4.66899e-15,					1,					0,
				-0.226097,					0.289948,					-0.2652,					1
			]
			,"mesh": 83
			,"name": "CAMSHAFT_RETAINER-5"		}
,
		{
			"matrix": [
				0.341711,					0.938842,					-0.0425282,					0,
				-0.0145455,					-0.0399634,					-0.999095,					0,
				-0.939693,					0.34202,					5.02029e-15,					0,
				-0.258392,					0.183718,					-0.0244,					1
			]
			,"mesh": 84
			,"name": "SPARK_PLUG-2"		}
,
		{
			"matrix": [
				0.341711,					0.938842,					-0.0425282,					0,
				-0.0145455,					-0.0399634,					-0.999095,					0,
				-0.939693,					0.34202,					5.02029e-15,					0,
				-0.258392,					0.183718,					0.12065,					1
			]
			,"mesh": 85
			,"name": "SPARK_PLUG-3"		}
,
		{
			"matrix": [
				-3.45193e-15,					3.83933e-15,					-1,					0,
				0.707107,					-0.707107,					-5.1557e-15,					0,
				-0.707107,					-0.707107,					-2.7393e-16,					0,
				-0.226097,					0.289948,					-0.2652,					1
			]
			,"mesh": 86
			,"name": "CAMSHAFT_BUSHING-10"		}
,
		{
			"matrix": [
				-3.45193e-15,					3.83933e-15,					-1,					0,
				0.707107,					-0.707107,					-5.1557e-15,					0,
				-0.707107,					-0.707107,					-2.7393e-16,					0,
				-0.226097,					0.289948,					0.2398,					1
			]
			,"mesh": 87
			,"name": "CAMSHAFT_BUSHING-8"		}
,
		{
			"children": [
				94, 95, 96, 97, 98
			]
			,"matrix": [
				2.94625e-14,					1,					-2.98095e-14,					0,
				0.707107,					2.22045e-16,					0.707107,					0,
				0.707107,					-4.20219e-14,					-0.707107,					0,
				0.238313,					0.03148,					0.238313,					1
			]
			,"name": "VALVE_SPRING_ASSEMBLY-1"		}
,
		{
			"matrix": [
				1,					0,					0,					0,
				0,					1,					0,					0,
				0,					0,					1,					0,
				-3.46945e-17,					0.0197213,					-1.38778e-16,					1
			]
			,"mesh": 88
			,"name": "VALVE_SPRING_RETAINER_LOCK-1"		}
,
		{
			"mesh": 89
			,"name": "ROCKER_SPRING-1"		}
,
		{
			"matrix": [
				1,					0,					0,					0,
				0,					1,					0,					0,
				0,					0,					1,					0,
				-3.46945e-17,					0.0184996,					2.77556e-17,					1
			]
			,"mesh": 90
			,"name": "VALVE_SPRING_RETAINER_PLATE-1"		}
,
		{
			"matrix": [
				-1,					-4.35018e-17,					-1.39453e-14,					0,
				-4.35018e-17,					1,					3.24679e-31,					0,
				1.39453e-14,					9.31325e-31,					-1,					0,
				-3.46945e-17,					0.0197213,					0,					1
			]
			,"mesh": 91
			,"name": "VALVE_SPRING_RETAINER_LOCK-2"		}
,
		{
			"matrix": [
				0.965737,					4.996e-16,					0.259523,					0,
				-3.82073e-16,					1,					-3.88578e-16,					0,
				-0.259523,					4.44089e-16,					0.965737,					0,
				0,					-0.0568287,					0,					1
			]
			,"mesh": 92
			,"name": "VALVE-1"		}
,
		{
			"matrix": [
				-8.27066e-15,					1.23161e-61,					-1,					0,
				1,					-2.24208e-44,					-8.27066e-15,					0,
				1.12104e-44,					-1,					5.36511e-60,					0,
				4.61254e-15,					-0.26577,					1.60408e-15,					1
			]
			,"name": "Belt1-7-1"		}
,
		{
			"children": [
				101, 102, 103, 104, 105
			]
			,"matrix": [
				3.71925e-15,					-1,					-3.9968e-15,					0,
				-0.707107,					-5.45607e-15,					0.707107,					0,
				-0.707107,					1.96262e-16,					-0.707107,					0,
				-0.238313,					-0.00608,					0.238313,					1
			]
			,"name": "VALVE_SPRING_ASSEMBLY-9"		}
,
		{
			"matrix": [
				1,					0,					0,					0,
				0,					1,					0,					0,
				0,					0,					1,					0,
				-3.46945e-17,					0.0197213,					-8.32667e-17,					1
			]
			,"mesh": 93
			,"name": "VALVE_SPRING_RETAINER_LOCK-1"		}
,
		{
			"mesh": 94
			,"name": "ROCKER_SPRING-1"		}
,
		{
			"matrix": [
				1,					0,					0,					0,
				0,					1,					0,					0,
				0,					0,					1,					0,
				-3.46945e-17,					0.0184996,					0,					1
			]
			,"mesh": 95
			,"name": "VALVE_SPRING_RETAINER_PLATE-1"		}
,
		{
			"matrix": [
				-1,					1.57772e-30,					-1.39888e-14,					0,
				1.57772e-30,					1,					2.20705e-44,					0,
				1.39888e-14,					0,					-1,					0,
				-3.46945e-17,					0.0197213,					0,					1
			]
			,"mesh": 96
			,"name": "VALVE_SPRING_RETAINER_LOCK-2"		}
,
		{
			"matrix": [
				0.965737,					4.44089e-16,					0.259523,					0,
				-3.8235e-16,					1,					-2.88374e-16,					0,
				-0.259523,					1.79265e-16,					0.965737,					0,
				1.73472e-18,					-0.0568287,					2.77556e-17,					1
			]
			,"mesh": 97
			,"name": "VALVE-1"		}
,
		{
			"children": [
				107, 108, 109, 110, 111
			]
			,"matrix": [
				2.95687e-14,					1,					-3.01703e-14,					0,
				0.707107,					4.25412e-16,					0.707107,					0,
				0.707107,					-4.22419e-14,					-0.707107,					0,
				0.235116,					-0.11357,					0.235116,					1
			]
			,"name": "VALVE_SPRING_ASSEMBLY-5"		}
,
		{
			"matrix": [
				1,					0,					0,					0,
				0,					1,					0,					0,
				0,					0,					1,					0,
				-2.77556e-17,					0.0197213,					-1.38778e-16,					1
			]
			,"mesh": 98
			,"name": "VALVE_SPRING_RETAINER_LOCK-1"		}
,
		{
			"mesh": 99
			,"name": "ROCKER_SPRING-1"		}
,
		{
			"matrix": [
				1,					0,					0,					0,
				0,					1,					0,					0,
				0,					0,					1,					0,
				-4.16334e-17,					0.0184996,					-2.77556e-17,					1
			]
			,"mesh": 100
			,"name": "VALVE_SPRING_RETAINER_PLATE-1"		}
,
		{
			"matrix": [
				-1,					0,					-1.39888e-14,					0,
				-3.15544e-30,					1,					0,					0,
				1.39888e-14,					0,					-1,					0,
				-2.77556e-17,					0.0197213,					-2.77556e-17,					1
			]
			,"mesh": 101
			,"name": "VALVE_SPRING_RETAINER_LOCK-2"		}
,
		{
			"matrix": [
				0.965737,					4.71845e-16,					0.259523,					0,
				-4.00658e-16,					1,					-3.27195e-16,					0,
				-0.259523,					2.12005e-16,					0.965737,					0,
				-1.38778e-17,					-0.0568287,					0,					1
			]
			,"mesh": 102
			,"name": "VALVE-1"		}
,
		{
			"children": [
				113, 114, 115, 116, 117
			]
			,"matrix": [
				-2.66454e-15,					1,					3.38618e-15,					0,
				-0.707107,					-4.2785e-15,					0.707107,					0,
				0.707107,					-5.1028e-16,					0.707107,					0,
				-0.238313,					0.19993,					0.238313,					1
			]
			,"name": "VALVE_SPRING_ASSEMBLY-12"		}
,
		{
			"matrix": [
				1,					0,					0,					0,
				0,					1,					0,					0,
				0,					0,					1,					0,
				-2.77556e-17,					0.0197213,					-8.32667e-17,					1
			]
			,"mesh": 103
			,"name": "VALVE_SPRING_RETAINER_LOCK-1"		}
,
		{
			"mesh": 104
			,"name": "ROCKER_SPRING-1"		}
,
		{
			"matrix": [
				1,					0,					0,					0,
				0,					1,					0,					0,
				0,					0,					1,					0,
				-2.77556e-17,					0.0184996,					-2.77556e-17,					1
			]
			,"mesh": 105
			,"name": "VALVE_SPRING_RETAINER_PLATE-1"		}
,
		{
			"matrix": [
				-1,					0,					-1.39888e-14,					0,
				7.88861e-31,					1,					0,					0,
				1.39888e-14,					0,					-1,					0,
				-2.77556e-17,					0.0197213,					0,					1
			]
			,"mesh": 106
			,"name": "VALVE_SPRING_RETAINER_LOCK-2"		}
,
		{
			"matrix": [
				0.965737,					4.44089e-16,					0.259523,					0,
				-4.22507e-16,					1,					-3.33067e-16,					0,
				-0.259523,					0,					0.965737,					0,
				0,					-0.0568287,					2.77556e-17,					1
			]
			,"mesh": 107
			,"name": "VALVE-1"		}
,
		{
			"matrix": [
				-2.9855e-15,					1,					4.59316e-15,					0,
				0.747285,					5.28319e-15,					-0.664504,					0,
				-0.664504,					1.44852e-15,					-0.747285,					0,
				8.96782e-16,					-0.34303,					-2.86399e-16,					1
			]
			,"mesh": 108
			,"name": "HEX_FLANGE_M16_30-3"		}
,
		{
			"matrix": [
				3.4361e-15,					-1,					-4.1358e-15,					0,
				-1.03147e-14,					-4.1358e-15,					1,					0,
				-1,					-3.4361e-15,					-1.03147e-14,					0,
				7.96728e-16,					-0.31927,					-1.10121e-16,					1
			]
			,"mesh": 109
			,"name": "CRANKSHAFT_PULLEY-1"		}
,
		{
			"children": [
				121, 122, 123, 124, 125, 126, 127, 128, 129, 130, 131, 132, 133, 134, 135, 136
			]
			,"matrix": [
				1.48395e-15,					1,					5.56622e-15,					0,
				-0.707107,					-2.93566e-15,					0.707107,					0,
				0.707107,					-5.32868e-15,					0.707107,					0,
				-0.161408,					0.0432797,					0.15514,					1
			]
			,"name": "PISTON_ASSEMBLY-27"		}
,
		{
			"matrix": [
				-0.0138897,					-5.55112e-17,					0.999904,					0,
				-4.9827e-17,					1,					5.48244e-17,					0,
				-0.999904,					-4.90607e-17,					-0.0138897,					0,
				-0.0178797,					0.0224441,					0.00443184,					1
			]
			,"mesh": 110
			,"name": "PISTON_OIL_RING_RAIL-1"		}
,
		{
			"matrix": [
				-1.92264e-15,					0.994168,					0.107841,					0,
				-0.999999,					-0.000111477,					0.00102769,					0,
				0.00103372,					-0.107841,					0.994168,					0,
				-0.0178747,					-0.172927,					-0.0578453,					1
			]
			,"mesh": 111
			,"name": "SOCKET_HEAD_M8_45-1"		}
,
		{
			"matrix": [
				-0.615661,					0,					-0.788011,					0,
				-3.04677e-17,					1,					2.3804e-17,					0,
				0.788011,					3.86641e-17,					-0.615661,					0,
				-0.0178797,					0.0270641,					0.00443184,					1
			]
			,"mesh": 112
			,"name": "PISTON_COMPRESSION_RING-2"		}
,
		{
			"matrix": [
				1.33101e-14,					-1.24178e-13,					-1,					0,
				-8.0224e-15,					1,					-1.24178e-13,					0,
				1,					8.0224e-15,					1.33101e-14,					0,
				-0.0504597,					-0.0109859,					0.00443184,					1
			]
			,"mesh": 113
			,"name": "CIRCLIP_CYLINDER_PIN-2"		}
,
		{
			"matrix": [
				1,					2.28838e-15,					-1.00634e-15,					0,
				1.00634e-15,					1.76303e-13,					1,					0,
				2.28838e-15,					-1,					1.76303e-13,					0,
				-0.0178747,					-0.0109859,					0.00443184,					1
			]
			,"mesh": 114
			,"name": "CONNECTING_ROD_BUSHING-1"		}
,
		{
			"matrix": [
				1.81388e-15,					-0.994168,					-0.107841,					0,
				5.35316e-15,					-0.107841,					0.994168,					0,
				-1,					-2.38059e-15,					5.12633e-15,					0,
				-0.00572471,					-0.162497,					-0.0120032,					1
			]
			,"mesh": 115
			,"name": "CRANKSHAFT_BUSHING-1"		}
,
		{
			"matrix": [
				-1.86769e-15,					0.994168,					0.107841,					0,
				-5.41398e-15,					0.107841,					-0.994168,					0,
				-1,					-2.44065e-15,					5.18099e-15,					0,
				-0.00572471,					-0.162497,					-0.0120032,					1
			]
			,"mesh": 116
			,"name": "CRANKSHAFT_BUSHING-2"		}
,
		{
			"matrix": [
				-1.92563e-15,					0.994168,					0.107841,					0,
				-0.999999,					-0.000111477,					0.00102769,					0,
				0.00103372,					-0.107841,					0.994168,					0,
				-0.0178747,					-0.182514,					0.0305363,					1
			]
			,"mesh": 117
			,"name": "SOCKET_HEAD_M8_45-2"		}
,
		{
			"matrix": [
				1,					0,					0,					0,
				0,					1,					0,					0,
				0,					0,					1,					0,
				-0.0178797,					0.0346841,					0.00443184,					1
			]
			,"mesh": 118
			,"name": "PISTON_COMPRESSION_RING-1"		}
,
		{
			"matrix": [
				-0.0138897,					-5.55112e-17,					0.999904,					0,
				-4.9827e-17,					1,					5.48244e-17,					0,
				-0.999904,					-4.90607e-17,					-0.0138897,					0,
				-0.0178797,					0.0199441,					0.00443184,					1
			]
			,"mesh": 119
			,"name": "PISTON_OIL_RING_SPACER-1"		}
,
		{
			"matrix": [
				0.837988,					0,					0.545688,					0,
				-1.46105e-17,					1,					2.24366e-17,					0,
				-0.545688,					-2.67744e-17,					0.837988,					0,
				-0.0178797,					0.0194441,					0.00443184,					1
			]
			,"mesh": 120
			,"name": "PISTON_OIL_RING_RAIL-2"		}
,
		{
			"matrix": [
				1,					0,					0,					0,
				0,					1,					0,					0,
				0,					0,					1,					0,
				-0.0178797,					0.0271141,					0.00443184,					1
			]
			,"mesh": 121
			,"name": "PISTON HEAD-1"		}
,
		{
			"matrix": [
				-5.00719e-15,					0.107841,					-0.994168,					0,
				1.92268e-15,					-0.994168,					-0.107841,					0,
				-1,					-2.45145e-15,					4.77065e-15,					0,
				-0.0178747,					-0.162497,					-0.0120032,					1
			]
			,"mesh": 122
			,"name": "CAP_ROD_PISTON-1"		}
,
		{
			"matrix": [
				1.95704e-15,					-0.994168,					-0.107841,					0,
				-4.82959e-15,					0.107841,					-0.994168,					0,
				1,					2.46646e-15,					-4.59037e-15,					0,
				-0.0178747,					-0.0109859,					0.00443184,					1
			]
			,"mesh": 123
			,"name": "CONNECTING_ROD-1"		}
,
		{
			"matrix": [
				5.71711e-16,					0,					-1,					0,
				-2.37819e-17,					1,					-1.35964e-32,					0,
				1,					2.37819e-17,					5.71711e-16,					0,
				-0.0503797,					-0.0109859,					0.00443184,					1
			]
			,"mesh": 124
			,"name": "PISTON_PIN-1"		}
,
		{
			"matrix": [
				-1.32187e-14,					1.24345e-13,					1,					0,
				-7.9624e-15,					1,					-1.24345e-13,					0,
				-1,					-7.9624e-15,					-1.32187e-14,					0,
				0.0147003,					-0.0109859,					0.00443184,					1
			]
			,"mesh": 125
			,"name": "CIRCLIP_CYLINDER_PIN-1"		}
,
		{
			"children": [
				138, 139, 140, 141, 142, 143, 144, 145, 146, 147, 148, 149, 150, 151, 152, 153
			]
			,"matrix": [
				-2.98834e-14,					-1,					2.95739e-14,					0,
				0.707107,					-2.1391e-16,					0.707107,					0,
				-0.707107,					4.18022e-14,					0.707107,					0,
				0.161408,					0.12817,					0.15514,					1
			]
			,"name": "PISTON_ASSEMBLY-30"		}
,
		{
			"matrix": [
				-5.48515e-15,					-0.994168,					-0.107841,					0,
				-4.78807e-14,					0.107841,					-0.994168,					0,
				1,					-2.99457e-16,					-4.77122e-14,					0,
				-0.0178747,					-0.0109859,					0.00443184,					1
			]
			,"mesh": 126
			,"name": "CONNECTING_ROD-1"		}
,
		{
			"matrix": [
				1,					0,					0,					0,
				0,					1,					0,					0,
				0,					0,					1,					0,
				-0.0178797,					0.0271141,					0.00443184,					1
			]
			,"mesh": 127
			,"name": "PISTON HEAD-1"		}
,
		{
			"matrix": [
				5.5062e-15,					0.994168,					0.107841,					0,
				-4.7815e-14,					0.107841,					-0.994168,					0,
				-1,					3.27474e-16,					4.76491e-14,					0,
				-0.00572471,					-0.162497,					-0.0120032,					1
			]
			,"mesh": 128
			,"name": "CRANKSHAFT_BUSHING-2"		}
,
		{
			"matrix": [
				-4.7815e-14,					0.107841,					-0.994168,					0,
				-5.5062e-15,					-0.994168,					-0.107841,					0,
				-1,					3.27474e-16,					4.76491e-14,					0,
				-0.0178747,					-0.162497,					-0.0120032,					1
			]
			,"mesh": 129
			,"name": "CAP_ROD_PISTON-1"		}
,
		{
			"matrix": [
				4.93008e-16,					-2.22045e-16,					1,					0,
				1.05638e-17,					1,					2.22045e-16,					0,
				-1,					1.54704e-17,					2.52588e-16,					0,
				0.0147003,					-0.0109859,					0.00443184,					1
			]
			,"mesh": 130
			,"name": "CIRCLIP_CYLINDER_PIN-1"		}
,
		{
			"matrix": [
				-7.21261e-16,					2.22045e-16,					-1,					0,
				-1.47196e-17,					1,					2.22045e-16,					0,
				1,					9.81308e-18,					-4.80841e-16,					0,
				-0.0504597,					-0.0109859,					0.00443184,					1
			]
			,"mesh": 131
			,"name": "CIRCLIP_CYLINDER_PIN-2"		}
,
		{
			"matrix": [
				1,					0,					0,					0,
				0,					1,					0,					0,
				0,					0,					1,					0,
				-0.0178797,					0.0346841,					0.00443184,					1
			]
			,"mesh": 132
			,"name": "PISTON_COMPRESSION_RING-1"		}
,
		{
			"matrix": [
				1,					-5.13657e-15,					-4.59712e-14,					0,
				-4.6452e-14,					-8.21565e-15,					-1,					0,
				5.12676e-15,					1,					-8.21565e-15,					0,
				-0.0178747,					-0.0109859,					0.00443184,					1
			]
			,"mesh": 133
			,"name": "CONNECTING_ROD_BUSHING-1"		}
,
		{
			"matrix": [
				-5.48515e-15,					-0.994168,					-0.107841,					0,
				4.78807e-14,					-0.107841,					0.994168,					0,
				-1,					2.99457e-16,					4.77122e-14,					0,
				-0.00572471,					-0.162497,					-0.0120032,					1
			]
			,"mesh": 134
			,"name": "CRANKSHAFT_BUSHING-1"		}
,
		{
			"matrix": [
				-1.21673e-17,					0,					-1,					0,
